
;;;      0  1  2  3  4  5  6  7     8  9  A  B  C  D  E  F
0000    01 32 07 01 02 00 07 0B     01 42 17 02 01 00 02 01     ;
0010    00 12 0B 10 4D 43 48 50     20 4D 53 50 4B 32 56 31     ;
0020    2E 33 2E 34 03 05 00 19     17 01 60 1B 01 4C 1C 01     ;
0030    00 1E 01 05 24 0B 01 00     00 00 00 00 00 07 00 01     ;
0040    00 04 02 00 1A 02 15 02     0A 06 11 09 4D 43 48 50     ;
0050    20 4D 53 50 4B 32 56 31     2E 33 2E 34 0C 01 01 0B     ;
0060    01 00 03 0B 01 01 0D 01     00 06 01 04 3F 00 09 86     ;
0070    0E 01 00 C0 01 BE 01 00     00 1F 23 47 EB 5F 00 01     ;
0080    00 00 00 01 00 00 10 10     08 60 01 00 00 1F 11 23     ;
0090    EB 5F 00 01 00 00 00 01     00 00 10 10 08 60 01 00     ;
00A0    00 1F 05 0B EB 5F 00 01     00 00 00 01 00 00 10 10     ;
00B0    08 60 01 00 00 1F 05 0B     EB 5F 00 01 00 00 00 01     ;
00C0    00 00 10 10 08 60 01 00     00 1F 05 05 EB 5F 00 01     ;

;;;      0  1  2  3  4  5  6  7     8  9  A  B  C  D  E  F
00D0    00 00 00 01 00 00 10 10     08 60 01 00 00 1F 05 05     ;
00E0    EB 5F 00 01 00 00 00 01     00 00 10 10 08 60 12 03     ;
00F0    E9 06 40 12 03 E9 06 40     11 03 F4 1E 40 12 03 E9     ;
0100    06 40 11 03 F4 1E 40 12     03 E9 06 40 01 00 00 1F     ;
0110    05 0B EB 5F 00 01 00 00     00 01 00 00 10 10 08 60     ;
0120    01 00 00 1F 05 0B EB 5F     00 01 00 00 00 01 00 00     ;
0130    10 10 08 60     ;


